34 2
1 -0.474402 -1.317542
34 0.773400 -1.178908
33 0.873165 -1.114369
3 0.184263 -1.145790
2 -0.381450 -1.222519
4 -0.321562 -1.146379
32 0.543200 -1.127230
14 -0.196973 -1.170027
8 -0.682487 -1.274655
24 1.144743 -1.171578
9 0.345081 -1.109149
30 1.112950 -1.214596
6 -1.161746 -1.589899
7 -0.963973 -1.422200
28 0.665638 -1.131254
29 0.691988 -1.116215
20 0.239344 -1.168110
11 -1.128834 -1.444253
25 0.882138 -1.242469
5 -0.908879 -1.347188
26 0.763547 -1.184353
31 0.660075 -1.133486
23 0.791782 -1.140050
18 -0.392956 -1.207162
21 0.919421 -1.143817
15 0.979967 -1.148648
13 -0.321412 -1.190195
19 0.992814 -1.135033
22 -0.495918 -1.238928
16 0.799646 -1.092844
17 -1.145469 -1.545901
27 1.062808 -1.195909
10 0.805733 -1.170845
12 -0.265403 -1.242306
